h = 0.1, tau = 0.1, error = 3.4620941347e+00
h = 0.01, tau = 0.01, error = 3.2259007689e+00
h = 0.001, tau = 0.001, error = 3.1977167924e+00
